-0.0000000000 -0.0000000000 0.0000000000 0.0000000000 0.0000000000 -0.0000000000
-0.0014214091 -0.0005976744 0.0121638616 0.0005846943 0.0001288515 0.0000479584
-0.0033086391 0.0136768985 0.0384546954 0.0010519481 -0.0000260336 0.0003044916
0.0232294308 0.0257635181 0.1061112666 0.0022036872 -0.0004329555 0.0008135937
0.0023375674 0.0544205611 0.0901156175 0.0020333076 0.0000777931 0.0006286592
0.0188647575 0.0032766391 0.0809744781 0.0024420481 -0.0015037126 0.0006936110
-0.0026629733 -0.0050496999 0.0815563515 0.0019746826 -0.0005928742 0.0006587307
0.0086628715 0.0546693926 0.0377650119 0.0017138972 -0.0005858427 0.0000872108
0.0275289473 0.0260878632 0.0704601248 0.0023609716 -0.0000892386 0.0002199855
-0.0046281165 -0.0380183157 0.1050198095 0.0031185983 0.0000770369 0.0004643160
-0.0165124681 -0.0040211997 0.1052306099 0.0029008121 0.0001267102 0.0001800541
0.0291113308 -0.0269331025 0.1041032473 0.0030588914 0.0001448491 0.0002796741
0.0279364905 -0.0239679191 0.1052336070 0.0030023027 -0.0009992631 0.0003397783
-0.0045766731 -0.0322175183 0.0332713853 0.0016542789 -0.0003917932 0.0001125526
0.0240651160 -0.0638675202 0.0407533298 0.0021254976 -0.0004433868 0.0000172258
0.0061573196 -0.0497163284 0.0795374939 0.0020595374 -0.0013359204 0.0003864574
0.0243266068 -0.0148476198 0.0885823870 0.0019432150 -0.0003140431 0.0007294215
0.0281628450 -0.0629913385 0.1084981429 0.0022570469 0.0000071143 0.0004972231
-0.0102441577 -0.0747505616 0.0603860732 0.0013668834 -0.0008492688 -0.0003935141
-0.0303919314 -0.0818272123 0.0308559940 0.0011911772 0.0002711885 -0.0000824692
-0.0080588959 -0.0294171614 0.0468705552 0.0013033517 0.0002771095 0.0009315153
0.0138495067 0.0102958414 0.0379279902 0.0007371776 0.0002721664 0.0002168903
-0.0097145428 -0.0349455991 -0.0016793380 0.0000888482 0.0011119870 0.0001210143
-0.0052086696 -0.0143009918 0.0193176002 0.0007930162 -0.0003024217 0.0006123549
0.0133650594 0.0250606882 0.0368224158 0.0007622241 0.0009946769 0.0010193424
0.0346741030 0.0042945463 0.0757933294 0.0017129583 0.0005505040 0.0008422140
-0.0165462886 0.0131073090 0.0995852485 0.0022243610 0.0010953502 0.0012670808
0.0017866758 0.0119417720 0.0974510283 0.0026040235 0.0013218866 0.0005206637
0.0385221598 -0.0125489509 0.1066410151 0.0028221885 0.0003026698 0.0003189670
0.0155134244 0.0171828293 0.0860463733 0.0028959943 0.0012839057 0.0004653504
0.0183532067 -0.0061150265 0.0989579468 0.0029707823 0.0008712913 0.0001255510
-0.0038849668 0.0271911444 0.1239242188 0.0028554868 0.0003931466 0.0009297375
0.0024320801 0.0350672295 0.1098240063 0.0027399760 0.0013144578 0.0012996677
0.0284916456 0.0037239144 0.1071874123 0.0019457674 0.0006859837 0.0003337683
0.0361624629 0.0110202698 0.1133890190 0.0018455109 0.0010186793 0.0001497484
0.0267527641 -0.0036301743 0.0666548527 0.0013822677 0.0003109609 -0.0005031694
0.0196027441 -0.0380707044 0.0369555821 0.0007268610 -0.0002553461 0.0001867923
-0.0000549456 -0.0063003524 0.0014486670 0.0006095544 0.0007036881 -0.0000081482
0.0248395272 -0.0167429318 0.0350436351 0.0007446655 0.0007520655 0.0000587328
0.0196841375 0.0165569361 0.0845683746 0.0014420628 0.0005345701 0.0006643438
0.0148096131 0.0061150310 0.0709771273 0.0012179067 0.0010881065 0.0000152139
0.0546903299 -0.0256778845 0.0941736789 0.0020380750 -0.0000470398 0.0003256952
0.0092108873 -0.0145189854 0.0559615100 0.0015188279 0.0009014411 0.0005288204
0.0132911755 -0.0271884972 0.0287761403 0.0018481744 0.0003152324 0.0001112356
0.0377720129 0.0052467688 0.0132448646 0.0014168855 0.0007421073 -0.0000108140
0.0388584453 0.0268824940 -0.0536567889 0.0001352095 0.0008846614 -0.0000798648
0.0237562995 0.0249650375 -0.1185037448 -0.0000021684 -0.0003766287 -0.0004818763
0.0602319002 0.0118497767 -0.0241438462 -0.0001367201 0.0013603965 -0.0009895322
0.0787437297 -0.0291316460 0.0280063918 0.0006594669 0.0007325412 -0.0011340137
0.0485787677 0.0498856700 0.0171289835 0.0014394924 0.0013960943 0.0000770380
0.0484341174 -0.0036944551 0.0557290954 0.0017206866 0.0013704900 -0.0002894765
0.0332262390 0.0236137392 0.0558268361 0.0011574241 0.0010842460 -0.0005896157
0.0333465341 0.0309003720 0.0763738522 0.0017600136 0.0014222625 -0.0001055710
0.0239385154 -0.0327485833 0.0506677078 0.0010596098 0.0010742692 -0.0002834336
0.0086625433 -0.0006107266 0.0422945419 0.0009557079 0.0011610492 -0.0003313584
0.0321730422 -0.0178866478 0.0378417005 0.0007638519 0.0022046614 -0.0008339406
